[manual]
lat=55.751244
lon=37.618423
